camera_matrix:
- - 1510.5643864947776
  - 0.0
  - 872.4178202592818
- - 0.0
  - 1512.588115637195
  - 626.0598215293682
- - 0.0
  - 0.0
  - 1.0
dist_coeff:
- - -0.09569279488198622
- - 0.9053781128255572
- - -3.8139234828458664
- - 4.856503700055433
model: fisheye
rvecs:
- - - -2.0353432038157258
  - - -0.01195808009196991
  - - -2.221749272397544
- - - -0.2409230345263325
  - - -0.7479522228421853
  - - 2.8814581008365603
- - - -0.7914867133144134
  - - -0.8145475832597638
  - - -2.701974293714353
- - - -0.5376950340409293
  - - 0.021675284174400553
  - - 2.8622654812664194
- - - -0.7955255161957459
  - - 0.8266248395374127
  - - 2.476102190637352
- - - -0.6706750155455491
  - - 0.7279923500368003
  - - 2.76917133256457
- - - 1.690065237523767
  - - -0.028577906549275417
  - - 2.641304372043334
- - - 1.405056105663577
  - - -1.121528961814207
  - - 2.555622264216188
- - - 0.04128754259022008
  - - 0.8119234859427709
  - - 2.8144254597129086
- - - -0.6398332745399296
  - - 0.6727301032340108
  - - 2.8120347853164684
- - - 0.003419612707030475
  - - -0.22279705185112567
  - - -0.012494450001845701
- - - 0.19657166881844093
  - - -0.06255611695051802
  - - 2.9890528612843723
- - - -1.2906105936296253
  - - 0.11492948669450911
  - - 2.6752006986407615
- - - -0.09581313387961109
  - - -1.030411313828283
  - - -0.3363925958212389
- - - 0.9912096881319955
  - - 0.06307332211515769
  - - 2.936423453917085
- - - 0.17326236658034358
  - - 1.5041506841752779
  - - 2.6679718834021675
- - - -0.8379226725404525
  - - -0.7762914916456312
  - - -2.9093664794746026
tvecs:
- - - 6.552562504173639
  - - 1.240887670257696
  - - 14.936682762542697
- - - -0.39902164427159975
  - - -4.05048665999258
  - - 27.806684084653313
- - - 7.587595350049952
  - - 2.236900390493272
  - - 16.081097395154945
- - - 5.374972248852933
  - - 1.1988397659307057
  - - 23.53505808038081
- - - 1.5590736093635917
  - - 0.8211325773644621
  - - 22.0653213997742
- - - 3.7806211279153645
  - - 3.569562554631699
  - - 62.07835913017638
- - - 5.537843085112971
  - - -1.3674832876427236
  - - 16.803549155792535
- - - 12.417149146171234
  - - -3.7796021805522804
  - - 22.884374926477893
- - - 6.79635732807348
  - - 1.2126868674186266
  - - 20.82085903185732
- - - 0.7509906633438044
  - - 1.9554905145729675
  - - 61.67701302136398
- - - -4.88186514743189
  - - -2.632501401072293
  - - 54.73123551869757
- - - 4.515987978795916
  - - 1.3624458800750843
  - - 22.575277934763967
- - - 1.3954743878186266
  - - 1.941988564799861
  - - 23.49004152249821
- - - -9.089540771857202
  - - -3.5362738323376606
  - - 17.544150249672953
- - - 5.1306112329653235
  - - 0.992952561402977
  - - 21.005118631122823
- - - 7.798259787650815
  - - 1.3010470147047073
  - - 20.29405202530015
- - - 8.796735506903
  - - 3.553156413247022
  - - 18.192643528256813
